[Depth]
fZeroPlaneDistance=45.000000
fZeroPlanePixelSize=0.042126
fEmitterDCmosDistance=-4.0

InputFormat=4
# 540*640
Resolution=23

OutputFormat=100

DepthMinCutOff=250
DepthMaxCutOff=1200

[Params]
Intrinsic_l=580.892029,578.692017,319.285004,247.591995
Intrinsic_r=523.862000,522.638000,313.207001,236.509995
rotateMatrix=0.999965,0.007861,0.002867, -0.007839,0.999941,-0.007554, -0.002926,0.007532,0.999967
translate=-26.657700,-0.296844,0.349602
Distortion_l=-0.079620,0.206170,0.000000,0.002630,0.002110
Distortion_r=0.056880,-0.189350,0.000000,-0.000490,0.001190
