
[Depth]
nZeroPlaneDistance=45
fZeroPlanePixelSize=0.041478
fEmitterDCmosDistance=-4.000000
nDeviceMaxShiftValue=4095
nDeviceMaxDepthValue=10000

nConstShift=200
nPixelSizeFactor=1
nParamCoeff=8
nShiftScale=10

nDepthMinCutOff=250
nDepthMaxCutOff=1200

nResX=960
nResY=1280


[Params]
Intrinsic_l=580.892029,578.692017,319.285004,247.591995
Intrinsic_r=523.862000,522.638000,313.207001,236.509995
rotateMatrix=0.999965,0.007861,0.002867, -0.007839,0.999941,-0.007554, -0.002926,0.007532,0.999967
translate=-26.657700,-0.296844,0.349602
Distortion_l=-0.079620,0.206170,0.000000,0.002630,0.002110
Distortion_r=0.056880,-0.189350,0.000000,-0.000490,0.001190
